theta = 0.400000;
rv = 2.500000;
wcleft = 0.010000;
wve = 0.100000;
lcleft = 0.200000;
wspace = 0.500000;
lspace = 15.000000;
